963
1002
1013
34963
34967
34969
35526
35530
35536
35854
35857
35865
35871
35876
35880
35883
35888
35891
35894
35896
35899
35901
35903
35907
36103
36116
36124
36133
36139
36163
36180
36545
36550
36558
36568
36586
36594
36606
36677
36691
36735
36751
36763
36774
36780
36790
36811
36819
36827
36853
36862
36883
36891
36897
36904
36912
36921
36932
36941
36950
36957
36963
36968
36975
36980
36984
36992
36996
37000
37004
37017
37032
37037
37095
37108
37120
37124
37133
37157
37174
37184
37194
37204
37214
37219
37226
37251
37259
37286
37310
37320
37329
37336
37344
37353
37360
37367
37378
37387
37404
37415
37422
37427
37436
37447
37460
37472
37478
37490
37495
37500
37510
37518
37524
37531
37546
37551
37556
37565
37573
37580
37586
37593
37599
37605
37614
37621
37628
37635
37646
37653
37663
37670
37676
37688
37697
37703
37711
37719
37724
37733
37738
37751
37762
37772
37779
37787
37797
37819
37829
37859
